2M.9.2	1M.8.4	2M.10.4	1M.10.1	1M.6.1	1M.9.2	1M.10.2	1M.8.2	1M.6.3	1M.8.1	1M.9.1	1M.10.4	2M.9.4	2R.6.3	1R.9.2	2M.6.4	1M.7.3	1M.7.1	1M.9.3	1M.6.2	2R.7.2	2M.6.1	2R.8.2	1M.7.2	2M.8.2	2M.6.2	2M.9.1	1M.8.3	1R.9.4	2R.9.1	2M.9.3	2R.9.2	2R.7.3	1M.7.4	1R.8.4	1M.10.3	2M.8.3	1R.6.2	2R.8.4	1R.6.1	1R.6.4	2R.7.1	Input3	Input1	3M.7.4	Input2	3R.10.3	3M.9.2	3M.7.1	3R.7.4	3R.7.2	3R.9.4	3R.10.1	3R.9.3	3R.6.3	3M.9.1	3M.10.4	3M.7.3	3R.7.1	3M.10.3	3R.8.3	3M.10.1	3R.8.4	3R.10.4	3M.8.1	3M.8.3	3R.10.2	3R.6.1	3R.6.2	3R.6.4	3M.6.2	3R.7.3	3M.9.4	3R.9.2	3M.10.2	3R.8.1	3M.6.4	3R.8.2	3R.9.1	3M.8.2	3M.7.2	3M.9.3	3M.6.1	3M.6.3	3M.8.4
2M.9.2	0.0	0.624410073469	0.648903894004	0.40860910686	0.473258885674	0.525061364714	0.535418603662	0.630011299857	0.234231350745	0.500829673261	0.536649989774	0.623863702536	0.394124660993	0.548477045293	0.578835105449	0.625617901894	0.291029008515	0.575111230541	0.256846548947	0.617309550618	1.0	0.69620589185	0.886845480707	0.519177826393	0.714470780155	0.496590981988	0.287247208141	0.667332251688	0.658418427382	0.645271224417	0.288253111473	0.626961453415	0.651269851453	0.708087442062	1.0	0.572817611114	0.650331212639	0.667648791986	0.583175694726	0.524327446891	0.698406950927	0.888114490356	0.819528317325	0.758356420296	0.600865837983	0.781061300292	0.933052574979	0.693286099638	0.578112955421	0.591017101373	0.45724512161	0.622499851281	0.551914108345	0.769071139494	0.831446233975	0.75417713893	0.765645459504	0.741398789847	0.740392330465	0.785076912381	0.693615400061	0.591383665305	0.533389152099	0.467972937485	0.420728390737	0.620900164625	0.559688114648	0.811007999778	0.496712129756	0.61626097362	0.585591816176	0.942950595944	0.501025336725	0.664761062441	0.435967141314	0.919766150878	0.715866461381	0.741829234767	0.685791888339	0.754846843544	0.68164735185	0.800411301233	0.749445100906	0.601352735599	0.625591680877
1M.8.4	0.624410073469	0.0	0.676572658124	0.631208023813	0.67046707682	0.517281668553	0.708013577859	0.660155098773	0.545795802279	1.0	0.528404079303	0.61311383922	0.602845374399	0.715627188403	0.774914055975	0.656350866684	0.55270892056	0.565541131749	0.539730967944	0.640879267288	1.0	0.718098815013	0.845552809727	0.501011461083	0.734296581782	0.74929379756	0.644480302847	1.0	0.684876862963	0.623080309811	0.651777449437	0.657513701373	0.67317064451	0.89903429072	0.786109756046	0.782867807349	0.673534122008	1.0	0.858309194595	0.770503457051	0.71535643704	0.847177718315	0.901682415196	0.85150731921	0.558964862869	0.863497388442	0.935352860008	0.8248849601	0.816308351805	0.602957135989	0.659571944602	0.805928086604	0.522350480394	0.752912139413	0.83896333498	0.731230937187	0.78017246285	0.752819491949	0.753567273272	0.797784863964	0.715808910981	0.746130398704	0.563916404258	0.771399320636	0.639004790263	0.602020169479	0.751188314354	0.819100432665	0.735308829206	0.83613448833	0.5633216424	0.919639940046	0.695019352786	0.78523447257	0.832081330524	0.88845734429	0.901617678592	1.0	1.0	0.594183116338	0.815549898222	0.809320413917	0.72787134152	0.864148182313	0.648762084112
2M.10.4	0.648903894004	0.676572658124	0.0	0.556685013172	0.672546143086	0.422038055808	0.677204411056	0.411630165522	0.523992256399	1.0	0.515831309644	0.608375561717	0.685397093696	0.77855518524	0.649691575329	0.430633663437	0.55097238608	0.483831623718	0.564865073014	0.561462233674	1.0	0.644212992365	1.0	0.57714640657	0.657832614773	0.711370014004	0.490483249553	1.0	0.544613266998	0.708551058077	0.574144993957	0.42481584873	0.599150147289	1.0	1.0	0.755651766263	0.606361535649	1.0	1.0	0.736625706859	0.65900839692	1.0	0.827148800585	0.786617905702	0.827781244525	0.744229260028	0.928087594042	0.884729288841	0.795551860816	0.836440494942	0.710554291128	0.784951146014	0.771784469816	0.711452696852	0.814659025255	0.814977086686	0.483650619354	0.715931476841	0.710344465659	0.745877285071	0.336868273155	0.807679331213	0.690614371416	0.726902415962	0.680469834975	0.674429068339	0.854064900763	0.793044091103	0.686626099532	0.814465046509	0.577718596449	1.0	0.767220846178	0.757901574715	0.81345006171	1.0	1.0	1.0	1.0	0.537927021333	0.794744840579	0.78051277415	0.806264004938	1.0	0.570632130357
1M.10.1	0.40860910686	0.631208023813	0.556685013172	0.0	0.406942412606	0.284960386258	0.302097335597	0.547473227552	0.256827097414	0.810539082698	0.257600558313	0.432202864131	0.21059453555	0.482362604171	0.539633156012	0.563446058273	0.197471259995	0.354416880004	0.229636883585	0.670779848816	1.0	0.713259447311	0.704630046703	0.389916332527	0.720654460544	0.549702438421	0.333429251724	0.714343342371	0.642654802268	0.429402680141	0.389504443458	0.558566588438	0.700872751935	0.665478282301	1.0	0.610743438758	0.693932898367	0.714577731201	0.45570725751	0.57356914763	0.737140800546	0.678135079373	0.774964697576	0.694964120255	0.633508031258	0.693675100173	0.938470443185	0.551714944557	0.825208117961	0.486730610637	0.348513464804	0.65271319352	0.506822734378	0.747804982142	0.848900477187	0.557027558993	0.7098332585	0.76793289688	0.770725538946	0.69508491565	0.658731077384	0.565538567668	0.413648373178	0.535417268686	0.345066643416	0.508009953128	0.719602887219	0.829844487011	0.547504908052	0.652685982711	0.426612299533	0.844995335735	0.432730117433	0.796743151271	0.674137027669	0.809566806783	0.616588171031	0.771254927613	0.728115666986	0.778520731748	0.707491441372	0.707880437727	0.632417623341	0.518117120379	0.678135079373
1M.6.1	0.473258885674	0.67046707682	0.672546143086	0.406942412606	0.0	0.495085360776	0.115923203576	0.460247895728	0.347780806134	0.830912782867	0.51270523048	0.424885170994	0.451781716197	0.177829799707	0.213289132387	0.656051411916	0.327264858723	0.536596764085	0.322848129376	0.714820861334	1.0	0.24551424719	0.825178068153	0.552153975492	0.274805583279	0.594986034471	0.418609447118	0.699603655868	0.310646114794	0.472021189035	0.470244138264	0.656989695634	0.74151093746	0.692784128603	1.0	0.253279860276	0.539816194165	0.750938304305	0.549494756227	0.114878525578	0.584376242141	0.826637193999	0.657948349818	0.614757705139	0.374873381855	0.575725929648	0.562154499804	0.368032914749	0.539448968767	0.653058880557	0.484897368662	0.278913726949	0.567508596411	0.429773955306	0.387377688996	0.426531316977	0.763414443764	0.480327859374	0.615491901636	0.435847560314	0.705664381342	0.229177603605	0.480175343237	0.5925125856	0.270203860202	0.626476405356	0.607988181586	0.846729087772	0.136466815299	0.367264722069	0.450108285288	0.546399876173	0.377460735115	0.39517749956	0.687394557352	0.548784416013	0.25772274824	0.251138556899	0.712253134843	0.646607575419	0.349112564313	0.528256536408	0.730820104617	0.394576151294	0.721356250873
1M.9.2	0.525061364714	0.517281668553	0.422038055808	0.284960386258	0.495085360776	0.0	0.458391816036	0.384256916489	0.335474651744	1.0	0.113707933236	0.298963005697	0.314647248	0.57557486552	0.634207085841	0.388339137331	0.231330281645	0.136042214602	0.291767680204	0.525663910547	1.0	0.623613371355	0.571758175186	0.118075386102	0.63940087205	0.695658765005	0.450928265143	1.0	0.514327509951	0.343274212903	0.539076369011	0.382275757899	0.565572389481	0.827217239174	1.0	0.744732338859	0.578982484208	1.0	0.617473000668	0.722653519362	0.634302369031	0.577718275488	0.864661574987	0.804282771696	0.687964564759	0.810741317628	0.925219496492	0.71813466251	0.78735155463	0.687685368198	0.450197892852	0.776714639571	0.58933309047	0.701679163955	0.804594369412	0.534417339019	0.642467118794	0.700687464022	0.691902550185	0.735960844925	0.550971477687	0.668408019105	0.491998684004	0.707470036917	0.426142128277	0.350637289047	0.848824773959	0.782344973951	0.669823255891	0.805696150851	0.513125039224	0.81363973156	0.528822361006	0.746908954665	0.806108199609	0.752856350527	0.760895967437	1.0	1.0	0.719132992462	0.786527421181	0.768580976893	0.54246413924	0.695127737591	0.535359612256
1M.10.2	0.535418603662	0.708013577859	0.677204411056	0.302097335597	0.115923203576	0.458391816036	0.0	0.476432931062	0.432315944195	0.850351638715	0.512441298813	0.410837211226	0.392401241	0.229997299333	0.280370391132	0.669045287067	0.38075434181	0.503633337198	0.409198269844	0.754492812045	1.0	0.342897281187	0.780527037218	0.54591479548	0.35876542955	0.639751907654	0.497387843897	0.736257338314	0.395406959743	0.424852398361	0.544273652069	0.665093291009	0.777950747727	0.724113986031	1.0	0.339147526374	0.601295553034	0.785204700102	0.504205246313	0.226485146406	0.638637221111	0.760246159227	0.65067123358	0.575799975763	0.402775994084	0.580576761905	0.605210828687	0.31580447784	0.593361449159	0.597636170017	0.470001486143	0.324138480747	0.591139240506	0.47879645224	0.459332749026	0.371701128521	0.760193344488	0.538233827879	0.665588601024	0.486778000297	0.730748782049	0.292286569977	0.456813527504	0.645185488892	0.312212566845	0.612639973611	0.629024504924	0.863134502395	0.222021543	0.400899225052	0.417265941537	0.548160367209	0.40727855925	0.462208654523	0.715343222549	0.570130222582	0.300354646504	0.349363926892	0.710633612249	0.674181396223	0.411554157456	0.595225553667	0.702339569741	0.424799368292	0.760246159227
1M.8.2	0.630011299857	0.660155098773	0.411630165522	0.547473227552	0.460247895728	0.384256916489	0.476432931062	0.0	0.49383811676	1.0	0.485108808613	0.588937793007	0.666446859042	0.595418972377	0.468273496943	0.393174639975	0.524321395937	0.454289965284	0.538091869777	0.529781480059	1.0	0.363204985533	1.0	0.546269462619	0.377084907185	0.697425563507	0.455463039067	1.0	0.223269064092	0.691179610079	0.543112375917	0.387138034906	0.569441292704	1.0	1.0	0.568769030512	0.582100499542	1.0	1.0	0.491495037128	0.637122728958	1.0	0.817225979472	0.803722753424	0.674917418793	0.776254602951	0.721396540089	0.741511306039	0.653926719903	0.832357642797	0.698227770869	0.584827417978	0.763256768294	0.632037943563	0.528202201046	0.543034378601	0.644108555278	0.448383084577	0.693992528369	0.552058616046	0.553770651482	0.650743540749	0.679545804489	0.70968599544	0.45559631164	0.657320493983	0.849404841514	0.783545364395	0.407219322279	0.613352589311	0.563872045644	0.808198959519	0.757236748372	0.53913357569	0.806923328792	0.744079849575	0.791802905647	0.733008644758	1.0	0.492148123995	0.58431922402	0.539845357089	0.797755688161	0.661405942988	0.539418424943
1M.6.3	0.234231350745	0.545795802279	0.523992256399	0.256827097414	0.347780806134	0.335474651744	0.432315944195	0.49383811676	0.0	0.757278023036	0.35450233911	0.49257093619	0.263185846131	0.485567230959	0.490069646667	0.486747502111	0.0804853414403	0.416486276008	0.0620586819417	0.541959285722	1.0	0.632877087365	0.826320753739	0.386055396371	0.6476722755	0.430070270456	0.0838653460745	0.603584493775	0.538974350427	0.556660719671	0.147431968431	0.488919066227	0.580873388836	0.65094973447	1.0	0.526045104759	0.591369210817	0.604034450142	0.474697272432	0.463051210055	0.645496349664	0.828654402667	0.812032249434	0.792995364618	0.645626412313	0.745694394551	0.926497108892	0.654829619895	0.791004874181	0.631953484584	0.362667015473	0.587218785002	0.486285574353	0.734121409931	0.809111999956	0.698336516166	0.698953050519	0.707527614504	0.700220768889	0.740376157745	0.59324536148	0.537071210234	0.429591097784	0.376257552433	0.304787848128	0.539062674503	0.669876908322	0.787140840094	0.429818280078	0.572169281842	0.494854265808	0.920364463134	0.419833493108	0.751820074146	0.610983123226	0.883647584752	0.661331064564	0.705109610291	0.629551107095	0.725082723353	0.650357668307	0.773936858538	0.696381601533	0.501518588154	0.551419835776
1M.8.1	0.500829673261	1.0	1.0	0.810539082698	0.830912782867	1.0	0.850351638715	1.0	0.757278023036	0.0	1.0	0.774603600025	0.779275659285	0.67959620165	0.652279139278	1.0	0.769653041002	1.0	0.762874360847	1.0	1.0	1.0	1.0	1.0	1.0	0.586044737883	0.741091289746	0.434582524086	1.0	1.0	0.729014292096	1.0	1.0	0.717788629639	0.732957960512	0.651253146601	0.731305073317	0.435095970024	0.749515481971	0.809704598355	0.722014809743	1.0	0.870029074625	0.754258379163	0.685025347108	0.860098226342	0.831013105051	0.740387572154	0.423825991007	0.616812325139	0.825263642605	0.782289612083	0.843899653534	0.85366691084	1.0	1.0	0.819625213404	0.82311190436	1.0	0.834203767952	1.0	0.700891030729	0.849714860785	0.758216884436	0.636739470188	1.0	0.576368977452	1.0	0.808000961104	0.827395447904	0.860806179841	0.840029076359	0.62494407289	0.891319836789	0.353625599183	0.777221165763	0.826874060587	0.792192983663	0.749038934841	0.827337303611	0.706418401704	1.0	0.796690144037	0.759986714706	1.0
1M.9.1	0.536649989774	0.528404079303	0.515831309644	0.257600558313	0.51270523048	0.113707933236	0.512441298813	0.485108808613	0.35450233911	1.0	0.0	0.323500677393	0.33400503263	0.582496817158	0.68553050775	0.477883655707	0.251979432719	0.231695709771	0.311476380043	0.541106728222	1.0	0.632387787867	0.586804048343	0.147908902521	0.647234678625	0.702338377647	0.467955718584	1.0	0.531093514228	0.361660842671	0.55421011232	0.480096459392	0.580073537242	0.830632577715	1.0	0.749349952816	0.590718013185	1.0	0.629599840629	0.72858929083	0.644908540402	0.592366371547	0.852794880429	0.793602170106	0.691866536197	0.797391133457	0.926429133707	0.722091558745	0.790810517673	0.636094166903	0.461337749982	0.780185376222	0.596330021016	0.705787396352	0.808873037657	0.544843395153	0.693968926277	0.707165707927	0.699782427849	0.663340196221	0.58636652767	0.673413619427	0.530080162039	0.715806492439	0.438056821074	0.366710654827	0.851029934525	0.78688689355	0.676963784231	0.809409615711	0.550536182106	0.816474084673	0.538019907398	0.75155936267	0.809203765713	0.758350401929	0.765481534442	1.0	1.0	0.724767418807	0.789993459512	0.667323414926	0.552103343078	0.703738119634	0.550579754985
1M.10.4	0.623863702536	0.61311383922	0.608375561717	0.432202864131	0.424885170994	0.298963005697	0.410837211226	0.588937793007	0.49257093619	0.774603600025	0.323500677393	0.0	0.434565891798	0.330548722591	0.392101091336	0.584439677662	0.404098045751	0.376001436292	0.45547155058	0.649532637604	1.0	0.511884979754	0.685279444269	0.35022732261	0.530994493247	0.540535935388	0.589056694235	0.705974471737	0.414136868105	0.455756384119	0.66022259443	0.58581437342	0.681197096028	0.75569607736	0.737474620887	0.457260348305	0.201042097428	0.706231054227	0.710688939524	0.600033373938	0.226135112765	0.657265184306	0.768441346365	0.698213850024	0.487145355983	0.715955176662	0.630440826314	0.482484259552	0.569600620396	0.630304386548	0.52266716632	0.603441819959	0.652579489743	0.474240585731	0.6640314906	0.591561089952	0.552650100714	0.585293331627	0.556689262148	0.479651337955	0.65499939235	0.432533557948	0.588050572945	0.776367283388	0.357723868252	0.483190161375	0.602304972069	0.822153331344	0.556090691294	0.680074866581	0.579700875726	0.552961457867	0.251183682129	0.635071321916	0.696095450328	0.580211141163	0.642537733695	0.810018865798	1.0	0.600809405119	0.511281020276	0.812672620196	0.414847959666	0.766424923292	0.657265184306
2M.9.4	0.394124660993	0.602845374399	0.685397093696	0.21059453555	0.451781716197	0.314647248	0.392401241	0.666446859042	0.263185846131	0.779275659285	0.33400503263	0.434565891798	0.0	0.468772847505	0.621573864893	0.662006893573	0.172177601502	0.404500209791	0.196984330246	0.63147605271	1.0	0.731851045765	0.609615478767	0.240815771848	0.74941899526	0.539199936639	0.359093037132	0.702973511121	0.694853959411	0.282724660149	0.323561954405	0.663366023688	0.622692606698	0.648709931499	1.0	0.617622703015	0.681915396677	0.703292704769	0.370044060643	0.55022805164	0.669685947679	0.575912839203	0.857519415244	0.785268133682	0.612241542414	0.804257076795	0.928537170264	0.551054546315	0.810564281444	0.568777654983	0.332523726098	0.669944036677	0.474385769068	0.741071008423	0.816211759624	0.475179138752	0.797584204413	0.750314210657	0.713160734538	0.81547607016	0.729342967587	0.552567542731	0.476082365888	0.463169221124	0.338722392542	0.441185843161	0.715016540076	0.794699430259	0.545691640964	0.634027216228	0.471089857266	0.821426852342	0.373346098431	0.786806580362	0.661882281018	0.767765006795	0.590994019194	0.775986494681	0.721457332236	0.767930466783	0.674964243088	0.782353445264	0.559608578474	0.453843491585	0.629338463472
2R.6.3	0.548477045293	0.715627188403	0.77855518524	0.482362604171	0.177829799707	0.57557486552	0.229997299333	0.595418972377	0.485567230959	0.67959620165	0.582496817158	0.330548722591	0.468772847505	0.0	0.180798266462	0.768836658934	0.432705475079	0.60631610337	0.444729984328	0.756950789428	1.0	0.348033356936	0.793059749933	0.557362130947	0.376235179998	0.395022275807	0.550849941227	0.566317895811	0.452498889361	0.478302827865	0.542286938485	0.769386265546	0.776974181035	0.644953329912	0.709938263287	0.175226156036	0.420858930186	0.570087187628	0.594020098984	0.228824165003	0.440452125885	0.794552354897	0.610985850653	0.560350052104	0.288551029009	0.555163343932	0.387763576735	0.259687686307	0.44360554579	0.601031211949	0.513956441027	0.303682594235	0.589947941232	0.34512609393	0.444728351374	0.435308897101	0.686707180277	0.395358167719	0.660887588533	0.373757256824	0.79843737239	0.120141657512	0.569242858793	0.643755164769	0.226267862921	0.625724640663	0.539864237604	0.862677960599	0.241297886365	0.459345500515	0.505914541567	0.409048353044	0.243094465426	0.445574114107	0.61166390135	0.382939504989	0.291349236416	0.358487605613	0.788690597264	0.550357282228	0.258822543081	0.57173519275	0.479002329577	0.453967952205	0.759202273823
1R.9.2	0.578835105449	0.774914055975	0.649691575329	0.539633156012	0.213289132387	0.634207085841	0.280370391132	0.468273496943	0.490069646667	0.652279139278	0.68553050775	0.392101091336	0.621573864893	0.180798266462	0.0	0.63461897139	0.509316703472	0.663119618149	0.517487579485	0.727503697335	1.0	0.249333201523	1.0	0.738244931781	0.295020694237	0.451423320527	0.467177657951	0.547305898849	0.341583671304	0.626220843264	0.518193209343	0.633747875836	0.753177629391	0.757927529218	0.766005423585	0.133392583944	0.351616439621	0.530011694342	0.794533148073	0.205429585126	0.385613945304	1.0	0.616083149242	0.610672223772	0.365031854827	0.567194087665	0.394642288076	0.344411879157	0.405640396834	0.696314547874	0.634090779853	0.282372678373	0.687089746447	0.362615396333	0.393920177708	0.578244085369	0.585064146838	0.362690418868	0.630207206007	0.316343099188	0.706634563095	0.242678190204	0.627893009947	0.622244496798	0.330934666315	0.775704871484	0.528132088543	0.851844121904	0.188375008836	0.448973986738	0.54412031888	0.507880754118	0.354564252118	0.408497607306	0.603769535471	0.507596300849	0.430562752351	0.329476458465	0.794236171733	0.535178518779	0.206421351395	0.548857682772	0.68418532306	0.637272771621	0.73379355711
2M.6.4	0.625617901894	0.656350866684	0.430633663437	0.563446058273	0.656051411916	0.388339137331	0.669045287067	0.393174639975	0.486747502111	1.0	0.477883655707	0.584439677662	0.662006893573	0.768836658934	0.63461897139	0.0	0.518083589379	0.465439022349	0.53180956773	0.522254777664	0.59636668462	0.621698679472	1.0	0.538927135398	0.637694812309	0.694203663012	0.447176626141	1.0	0.511487462029	0.687112540686	0.535734299538	0.00439578158532	0.562367809489	1.0	1.0	0.743731237094	0.576406984214	1.0	1.0	0.721361335552	0.631971420513	1.0	0.887819657065	0.880909402831	0.731340770498	0.761951772956	0.92495786672	0.777730602021	0.786603339616	0.748138771622	0.695398823662	0.775964547539	0.76131168663	0.802790127242	0.80366235429	0.804328333154	0.644634969602	0.486529322949	0.361066397228	0.735057077833	0.294483725512	0.68633093802	0.67702593062	0.705639071368	0.662518534703	0.653347828357	0.663190648468	0.514405243042	0.668268369222	0.609780095921	0.51155052544	1.0	0.584642609256	0.511568256357	0.610877681079	0.831301266112	1.0	1.0	1.0	0.717908453358	0.785777703186	0.61324499207	0.591599914954	1.0	0.53199878807
1M.7.3	0.291029008515	0.55270892056	0.55097238608	0.197471259995	0.327264858723	0.231330281645	0.38075434181	0.524321395937	0.0804853414403	0.769653041002	0.251979432719	0.404098045751	0.172177601502	0.432705475079	0.509316703472	0.518083589379	0.0	0.3197703647	0.0473427584348	0.573827477102	1.0	0.651544827148	0.676988653326	0.268925584797	0.664426927542	0.472036109556	0.165002178145	0.651444205255	0.564288832565	0.44940470997	0.228536082789	0.519992803179	0.610717652228	0.616483635917	1.0	0.555955393691	0.615962882193	0.651812833163	0.381778073913	0.502477417776	0.667640751262	0.681025120161	0.81797630294	0.768908037141	0.591770307736	0.753109488894	0.929132538293	0.607818633266	0.798538621107	0.590742197562	0.30352480115	0.611950797455	0.428141694108	0.715041831998	0.818257829919	0.606131281132	0.70966297214	0.7213867546	0.716860144059	0.749494262903	0.612947685303	0.513534558531	0.377889498613	0.420253786164	0.246399025378	0.444527110683	0.690454390691	0.796882639294	0.456816374022	0.602966342106	0.434984434696	0.845983307251	0.356465669189	0.761877746431	0.635520036033	0.778423722252	0.592151110744	0.736093805813	0.672811405398	0.737200285636	0.662939262749	0.784778887508	0.609549874498	0.411420394129	0.582807896484
1M.7.1	0.575111230541	0.565541131749	0.483831623718	0.354416880004	0.536596764085	0.136042214602	0.503633337198	0.454289965284	0.416486276008	1.0	0.231695709771	0.376001436292	0.404500209791	0.60631610337	0.663119618149	0.465439022349	0.3197703647	0.0	0.375906040057	0.590558906897	1.0	0.661649796131	0.643273729174	0.251657038056	0.673544942273	0.724749911136	0.522850233982	1.0	0.569869609131	0.428981612707	0.602614331222	0.45984257221	0.626344635392	0.665930572115	1.0	0.765112804597	0.629074820258	1.0	0.676546728815	0.748553569103	0.679403016366	0.647555539316	0.868145279563	0.810502585864	0.705527415815	0.815281915212	0.930594147771	0.739427585835	0.802715539989	0.708224252529	0.504297751189	0.792169970546	0.620328279664	0.720087755314	0.823232176086	0.58554732417	0.670014479332	0.728931063523	0.725799216527	0.754557155258	0.596755955968	0.690733264482	0.528819579814	0.496288892471	0.478245036506	0.42642997271	0.858677522135	0.802199586154	0.700956113932	0.822027985689	0.551360752473	0.82627606683	0.569216020476	0.767413834659	0.819872532197	0.776760963228	0.783950320019	1.0	1.0	0.743832008736	0.801924430885	0.790675322699	0.590030717677	0.731835124542	0.599276527331
1M.9.3	0.256846548947	0.539730967944	0.564865073014	0.229636883585	0.322848129376	0.291767680204	0.409198269844	0.538091869777	0.0620586819417	0.762874360847	0.311476380043	0.45547155058	0.196984330246	0.444729984328	0.517487579485	0.53180956773	0.0473427584348	0.375906040057	0.0	0.556527318027	1.0	0.641318513713	0.727910204671	0.302662340761	0.655234237524	0.446218976614	0.143974044116	0.621419714697	0.578201505751	0.483342025591	0.180381994738	0.533733041984	0.594529208735	0.59839730899	1.0	0.536512454252	0.602550557384	0.621836029139	0.401522232608	0.478109732076	0.655577492249	0.731449182976	0.819866525144	0.78233347021	0.610009463279	0.754965419581	0.927678607839	0.620237871635	0.794382728149	0.601515203954	0.314605153279	0.596303671271	0.440683447929	0.710052063835	0.813240684853	0.637237554264	0.722038328551	0.713782125078	0.707765259166	0.746896832461	0.62670221063	0.498450453062	0.406408446394	0.393695529576	0.256753202697	0.474470343604	0.677210805819	0.791533132276	0.442002033555	0.5835825774	0.469975551204	0.873012247374	0.369007507772	0.756341149444	0.61993311247	0.815748296733	0.610114719854	0.716107690681	0.645493248644	0.730540871571	0.655998586419	0.778831391189	0.638913566469	0.431232904902	0.565771708445
1M.6.2	0.617309550618	0.640879267288	0.561462233674	0.670779848816	0.714820861334	0.525663910547	0.754492812045	0.529781480059	0.541959285722	1.0	0.541106728222	0.649532637604	0.63147605271	0.756950789428	0.727503697335	0.522254777664	0.573827477102	0.590558906897	0.556527318027	0.0	1.0	0.636202192409	1.0	0.487289488863	0.663437052393	0.672499108821	0.498301250796	1.0	0.577008197414	0.65917658504	0.483859001674	0.524563046982	0.51252381391	1.0	1.0	0.728999345498	0.555694889722	1.0	1.0	0.70212409586	0.596304087778	1.0	0.919506997326	0.914460223283	0.815113044224	0.894297338107	0.921133152342	0.87596778951	0.775661939128	0.830869124346	0.702870946517	0.765791946253	0.748448590457	0.794323616878	0.789762788981	0.79091957761	0.735385677665	0.678257144387	0.664120935078	0.761143593679	0.632269066638	0.790405559098	0.753227567462	0.677674354661	0.67974600251	0.627085994956	0.841427704261	0.766674478958	0.66510568922	0.792985422112	0.774946717881	1.0	0.739644577313	0.731043921861	0.795660674407	1.0	1.0	1.0	1.0	0.699764153203	0.774815440791	0.750995499137	0.782723055369	1.0	0.479847468721
2R.7.2	1.0	1.0	1.0	1.0	1.0	1.0	1.0	1.0	1.0	1.0	1.0	1.0	1.0	1.0	1.0	0.59636668462	1.0	1.0	1.0	1.0	0.0	1.0	1.0	1.0	1.0	1.0	1.0	1.0	1.0	1.0	1.0	0.598229617626	1.0	1.0	1.0	1.0	1.0	1.0	1.0	1.0	1.0	1.0	1.0	1.0	0.90750648955	0.782229487161	1.0	0.789698084225	1.0	0.915174217687	1.0	1.0	1.0	1.0	1.0	1.0	1.0	0.779658332325	0.535661966594	1.0	0.73589612353	0.883678743968	1.0	1.0	1.0	1.0	0.591198155587	0.492279265103	1.0	0.798785620801	0.797122349957	1.0	0.824249346627	0.739944303184	0.800399923108	0.825105557119	1.0	1.0	1.0	1.0	1.0	0.840188912759	0.789103713933	1.0	1.0
2M.6.1	0.69620589185	0.718098815013	0.644212992365	0.713259447311	0.24551424719	0.623613371355	0.342897281187	0.363204985533	0.632877087365	1.0	0.632387787867	0.511884979754	0.731851045765	0.348033356936	0.249333201523	0.621698679472	0.651544827148	0.661649796131	0.641318513713	0.636202192409	1.0	0.0	1.0	0.649812795051	0.0912886067718	0.746933249297	0.608467416289	1.0	0.161908296733	0.50244514037	0.647211793196	0.622994212565	0.668829244196	1.0	1.0	0.297174998345	0.427861518735	1.0	1.0	0.195341265444	0.479942200104	1.0	0.728097831024	0.722305956475	0.474128138821	0.700611419029	0.431578287521	0.514372404515	0.459712023038	0.847747348348	0.742612921604	0.345119815501	0.794370356482	0.389451786721	0.197214615117	0.429893814818	0.759056871562	0.336938092415	0.528346687655	0.328993496395	0.687806110381	0.433332350799	0.772447252623	0.768724160441	0.541907152518	0.717444686694	0.749548944706	0.81746895955	0.167228948991	0.504293346738	0.665643812709	0.566263364626	0.616138052316	0.249789168151	0.830882261819	0.576909462476	0.455601815035	0.326445007939	1.0	0.571582809621	0.335899981581	0.403434727355	0.828291096296	0.745012737267	0.644165409387
2R.8.2	0.886845480707	0.845552809727	1.0	0.704630046703	0.825178068153	0.571758175186	0.780527037218	1.0	0.826320753739	1.0	0.586804048343	0.685279444269	0.609615478767	0.793059749933	1.0	1.0	0.676988653326	0.643273729174	0.727910204671	1.0	1.0	1.0	0.0	0.513799865367	1.0	1.0	1.0	1.0	1.0	0.614217206024	1.0	1.0	1.0	0.813082913397	1.0	1.0	1.0	1.0	0.567746663949	1.0	1.0	0.51628918212	0.977276116086	0.924052484799	0.858766825056	0.959052123233	1.0	0.828663370762	1.0	0.84929817784	0.733789517121	1.0	0.815127687478	0.892685939178	1.0	0.705176537055	1.0	1.0	1.0	1.0	1.0	0.859822257756	0.801484983604	1.0	0.741557994349	0.664797931051	1.0	1.0	1.0	1.0	0.798988407831	0.802183514028	0.754516152909	1.0	1.0	0.729821833898	0.741977037466	1.0	1.0	1.0	1.0	1.0	0.724736741812	0.657836910327	1.0
1M.7.2	0.519177826393	0.501011461083	0.57714640657	0.389916332527	0.552153975492	0.118075386102	0.54591479548	0.546269462619	0.386055396371	1.0	0.147908902521	0.35022732261	0.240815771848	0.557362130947	0.738244931781	0.538927135398	0.268925584797	0.251657038056	0.302662340761	0.487289488863	1.0	0.649812795051	0.513799865367	0.0	0.676230353254	0.672539402741	0.515543504698	1.0	0.59228155165	0.2733534669	0.482180081553	0.54117913039	0.506410382267	0.814213579381	1.0	0.735173364684	0.571528729405	1.0	0.571886932655	0.69987076412	0.592004168838	0.521467974478	0.90032951759	0.842362373632	0.681059038163	0.85798688026	0.920693592947	0.704742774359	0.774404080038	0.687722785257	0.449788326003	0.775220317943	0.567912841946	0.695663308626	0.788131694615	0.496458308539	0.745861927608	0.677561506432	0.661020623082	0.770734795407	0.64599498087	0.649776370056	0.56555390242	0.67430962138	0.435242276874	0.30825591914	0.840636789115	0.76495806473	0.677847846304	0.791602671271	0.583939993816	0.803084077711	0.493845608449	0.730625226963	0.794537754578	0.731682312253	0.743486994984	1.0	1.0	0.703466404944	0.773555317311	0.749061370414	0.507620901004	0.660922433646	0.483597152007
2M.8.2	0.714470780155	0.734296581782	0.657832614773	0.720654460544	0.274805583279	0.63940087205	0.35876542955	0.377084907185	0.6476722755	1.0	0.647234678625	0.530994493247	0.74941899526	0.376235179998	0.295020694237	0.637694812309	0.664426927542	0.673544942273	0.655234237524	0.663437052393	1.0	0.0912886067718	1.0	0.676230353254	0.0	0.642767118061	0.625938216405	1.0	0.211587776403	0.539560004928	0.673786769623	0.63884904697	0.694078241863	1.0	1.0	0.335193511218	0.465995056002	1.0	1.0	0.238921280909	0.515664463505	1.0	0.734842972894	0.721565071154	0.488941556316	0.703769715544	0.4683426922	0.532249134802	0.483030991378	0.852585928138	0.755472269846	0.365229891009	0.80359921848	0.423055673354	0.125770962928	0.451411291623	0.763231146961	0.371278724274	0.557766544461	0.259346221074	0.572367699975	0.456283817417	0.775819992781	0.784400512257	0.564829126242	0.607931533581	0.675323309852	0.827154534031	0.197056176298	0.528772753964	0.673074006338	0.576988637288	0.635427088826	0.182382511452	0.747247279912	0.602610849128	0.488309316976	0.374521344906	1.0	0.591233617112	0.357165824964	0.442778572711	0.837085752999	0.747952432502	0.670924020266
2M.6.2	0.496590981988	0.74929379756	0.711370014004	0.549702438421	0.594986034471	0.695658765005	0.639751907654	0.697425563507	0.430070270456	0.586044737883	0.702338377647	0.540535935388	0.539199936639	0.395022275807	0.451423320527	0.694203663012	0.472036109556	0.724749911136	0.446218976614	0.672499108821	1.0	0.746933249297	1.0	0.672539402741	0.642767118061	0.0	0.39380114608	0.423830253512	0.718448127424	0.76511151618	0.36743962645	0.695188128054	0.690553194632	0.696803054566	0.552727369698	0.430487070702	0.456734010804	0.424318784269	0.718482030888	0.561989980163	0.469142366592	1.0	0.752502751199	0.765616065801	0.623884061011	0.735753458251	0.647929517242	0.622447344501	0.662831915163	0.661678243181	0.584287638175	0.581992770297	0.642846132142	0.696312396998	0.690281484605	0.844682512943	0.628555869521	0.593989244049	0.764267849808	0.544667387099	0.571120220668	0.396072807448	0.638278362012	0.521186255437	0.388309533905	0.56678009762	0.452523905176	0.825773226679	0.560506202285	0.643896420741	0.680136343746	0.846450549729	0.41457698854	0.688336887403	0.411969524303	0.789181598607	0.801568586073	0.763915881176	0.717980204967	0.611279456235	0.539428311335	0.816641194921	0.490404932841	0.729539124052	0.671008309005
2M.9.1	0.287247208141	0.644480302847	0.490483249553	0.333429251724	0.418609447118	0.450928265143	0.497387843897	0.455463039067	0.0838653460745	0.741091289746	0.467955718584	0.589056694235	0.359093037132	0.550849941227	0.467177657951	0.447176626141	0.165002178145	0.522850233982	0.143974044116	0.498301250796	1.0	0.608467416289	1.0	0.515543504698	0.625938216405	0.39380114608	0.0	0.565504343998	0.507752167538	0.674319039302	0.0642901122212	0.449716512116	0.539817501213	0.74006146913	1.0	0.501943852189	0.558463934513	0.566043486211	0.597458876365	0.429740075366	0.615699055622	1.0	0.832284218518	0.821865503235	0.701111630472	0.780353281247	0.923172261205	0.712036034953	0.781496029519	0.681721330384	0.434834536399	0.568800514086	0.555214693129	0.798821274257	0.797237821933	0.7981235928	0.686912490055	0.689556882996	0.678214214063	0.728892571615	0.569591450832	0.599464778513	0.494865185113	0.324815929292	0.378293336483	0.640931516784	0.655994953017	0.774558077496	0.394813713273	0.548489886221	0.557731753732	1.0	0.495685855655	0.738990786916	0.593103994564	1.0	0.748210516743	0.684326043133	0.596432056426	0.709494602194	0.634479956807	0.759858841464	0.789735094971	0.619690821367	0.508376031594
1M.8.3	0.667332251688	1.0	1.0	0.714343342371	0.699603655868	1.0	0.736257338314	1.0	0.603584493775	0.434582524086	1.0	0.705974471737	0.702973511121	0.566317895811	0.547305898849	1.0	0.651444205255	1.0	0.621419714697	1.0	1.0	1.0	1.0	1.0	1.0	0.423830253512	0.565504343998	0.0	1.0	1.0	0.53660759117	1.0	1.0	0.598938381164	0.618312367166	0.535837398964	0.636077970024	0.103132718757	0.490782374101	0.663604531053	0.612513650152	1.0	0.841957212497	0.835048052739	0.731248751772	0.811516300259	0.786019521275	0.662892732909	0.80192935211	0.750383947314	0.743335880974	0.660565809405	0.796533305202	0.819463400276	1.0	1.0	0.768532742543	0.775599927264	1.0	0.801620478211	1.0	0.557063170508	0.734912314733	0.621123062523	0.45259081777	1.0	0.582139300371	1.0	0.731549327555	0.686295732509	0.822562552304	0.799538829899	0.481421815248	1.0	0.603111926015	0.699071600018	0.725388380945	0.615215589866	0.489443233902	0.784611975969	0.636651869957	1.0	0.731849707561	0.56935835691	1.0
1R.9.4	0.658418427382	0.684876862963	0.544613266998	0.642654802268	0.310646114794	0.514327509951	0.395406959743	0.223269064092	0.538974350427	1.0	0.531093514228	0.414136868105	0.694853959411	0.452498889361	0.341583671304	0.511487462029	0.564288832565	0.569869609131	0.578201505751	0.577008197414	1.0	0.161908296733	1.0	0.59228155165	0.211587776403	0.718448127424	0.507752167538	1.0	0.0	0.717227800189	0.589359596965	0.51340958645	0.613690625966	1.0	1.0	0.426762907095	0.347250328745	1.0	1.0	0.309054299423	0.403911250538	1.0	0.779616672909	0.769876111035	0.580210235756	0.744238291975	0.582248224279	0.610623544684	0.575014226188	0.838584934872	0.716863103564	0.465529662739	0.776182303157	0.515463420313	0.355895309666	0.601492638851	0.704884413062	0.501166827498	0.467030016888	0.440422195106	0.607119570495	0.531966233134	0.722677571549	0.735460095011	0.491483033829	0.683060676978	0.730466655533	0.797882388768	0.26365771391	0.455364707168	0.611482359898	0.701718104887	0.577478011317	0.373960921091	0.816827720035	0.772683959071	0.609059459558	0.503777294836	1.0	0.53221067393	0.46067772631	0.571777455841	0.810610245317	0.715420131701	0.585939225529
2R.9.1	0.645271224417	0.623080309811	0.708551058077	0.429402680141	0.472021189035	0.343274212903	0.424852398361	0.691179610079	0.556660719671	1.0	0.361660842671	0.455756384119	0.282724660149	0.478302827865	0.626220843264	0.687112540686	0.44940470997	0.428981612707	0.483342025591	0.65917658504	1.0	0.50244514037	0.614217206024	0.2733534669	0.539560004928	0.76511151618	0.674319039302	1.0	0.717227800189	0.0	0.656474310359	0.688357401976	0.651149584003	0.837705013204	1.0	0.609643677498	0.705357876167	1.0	0.651713269364	0.566874746718	0.694147376175	0.58084907968	0.854488109724	0.782214681452	0.597638433011	0.811481028601	0.753719087391	0.544929337243	0.661781028322	0.687204531808	0.534589995616	0.662750952293	0.651995098407	0.60274113466	0.583311012887	0.248212627758	0.811817358746	0.536434212703	0.728354976716	0.656708362679	0.748915518962	0.566045960352	0.646470449692	0.732605880893	0.554483688734	0.463481044937	0.855671269592	0.79625987691	0.583277059089	0.817115208357	0.627890824618	0.657319272201	0.576485214291	0.609529090523	0.82695862226	0.53187027606	0.568545124538	0.746871776346	1.0	0.784450551629	0.648245236454	0.549487572522	0.562819616556	0.721103267061	0.657222680854
2M.9.3	0.288253111473	0.651777449437	0.574144993957	0.389504443458	0.470244138264	0.539076369011	0.544273652069	0.543112375917	0.147431968431	0.729014292096	0.55421011232	0.66022259443	0.323561954405	0.542286938485	0.518193209343	0.535734299538	0.228536082789	0.602614331222	0.180381994738	0.483859001674	1.0	0.647211793196	1.0	0.482180081553	0.673786769623	0.36743962645	0.0642901122212	0.53660759117	0.589359596965	0.656474310359	0.0	0.537997207465	0.507582620448	0.729988256472	1.0	0.489906858074	0.568498352	0.537220780306	0.572776915757	0.405622347479	0.592827425528	1.0	0.851037326883	0.841682920245	0.699860590487	0.80429282663	0.920777408182	0.704987791878	0.774643935225	0.686490222489	0.450864500014	0.565338477405	0.543178280013	0.800934523728	0.788443258567	0.789649592049	0.743863570121	0.676263515212	0.661613529689	0.768906131557	0.643371752007	0.58787260796	0.541914326481	0.285432348456	0.404702575737	0.638310493761	0.646397558229	0.765285820256	0.401431671125	0.5316260204	0.602426554505	1.0	0.476409012873	0.72965130822	0.580597823051	1.0	0.738770460976	0.669345488383	0.571620134782	0.70119173645	0.623040074213	0.749430821257	0.781490192209	0.597734248405	0.480150594907
2R.9.2	0.626961453415	0.657513701373	0.42481584873	0.558566588438	0.656989695634	0.382275757899	0.665093291009	0.387138034906	0.488919066227	1.0	0.480096459392	0.58581437342	0.663366023688	0.769386265546	0.633747875836	0.00439578158532	0.519992803179	0.45984257221	0.533733041984	0.524563046982	0.598229617626	0.622994212565	1.0	0.54117913039	0.63884904697	0.695188128054	0.449716512116	1.0	0.51340958645	0.688357401976	0.537997207465	0.0	0.564537711052	1.0	1.0	0.744408355881	0.578150215472	1.0	1.0	0.722235542178	0.633549256749	1.0	0.886863771063	0.87930436986	0.731828516885	0.760101856441	0.925134802042	0.778147022778	0.787109346687	0.748556224898	0.696262463305	0.776471797955	0.761905020359	0.803184955609	0.804292916897	0.804937979339	0.642030550841	0.488158923216	0.363472934721	0.735668263671	0.296924018034	0.687020314619	0.677794413926	0.706878419721	0.663544996806	0.654562480491	0.663905533851	0.515889841823	0.669320320322	0.610870629068	0.512615248716	1.0	0.5858287453	0.512879551689	0.611783017564	0.831851524777	1.0	1.0	1.0	0.718736816189	0.786284725631	0.614488448104	0.592794274651	1.0	0.534274381906
2R.7.3	0.651269851453	0.67317064451	0.599150147289	0.700872751935	0.74151093746	0.565572389481	0.777950747727	0.569441292704	0.580873388836	1.0	0.580073537242	0.681197096028	0.622692606698	0.776974181035	0.753177629391	0.562367809489	0.610717652228	0.626344635392	0.594529208735	0.51252381391	1.0	0.668829244196	1.0	0.506410382267	0.694078241863	0.690553194632	0.539817501213	1.0	0.613690625966	0.651149584003	0.507582620448	0.564537711052	0.0	1.0	1.0	0.607577253339	0.593749495015	1.0	1.0	0.69915139512	0.585962982549	1.0	0.927846428269	0.923301629917	0.832397485962	0.90511949933	0.920083442417	0.874673966599	0.777611669637	0.847663022607	0.73050365747	0.788300530722	0.766095745831	0.814194978867	0.785855795717	0.787160762878	0.760419979773	0.695349351527	0.656679527921	0.784044273501	0.665176676239	0.794894596913	0.776791015705	0.669584716713	0.709162004225	0.660360917188	0.839540449035	0.762565404673	0.695622761097	0.789678231308	0.796676789693	1.0	0.735386859145	0.745929079448	0.792979323288	1.0	1.0	1.0	1.0	0.720063637085	0.778052196138	0.746362583234	0.779076953776	1.0	0.508953205037
1M.7.4	0.708087442062	0.89903429072	1.0	0.665478282301	0.692784128603	0.827217239174	0.724113986031	1.0	0.65094973447	0.717788629639	0.830632577715	0.75569607736	0.648709931499	0.644953329912	0.757927529218	1.0	0.616483635917	0.665930572115	0.59839730899	1.0	1.0	1.0	0.813082913397	0.814213579381	1.0	0.696803054566	0.74006146913	0.598938381164	1.0	0.837705013204	0.729988256472	1.0	1.0	0.0	0.882314403907	0.739674932828	0.881536023974	0.605295570593	0.567671428155	0.79576382726	0.878242451049	0.814743737989	0.882902561342	0.85142468069	0.751476474137	0.841390549502	0.921172482887	0.708842885786	0.920822162211	0.734191637234	0.689527062816	0.631983223309	0.734084008863	0.848361857152	1.0	0.86348923516	0.916427922697	0.901292005846	1.0	0.922513394553	1.0	0.665293563713	0.72305919973	0.524894781741	0.570570335355	0.851429984501	0.776138522741	1.0	0.815042135909	0.812570205741	0.760156299161	0.819808033953	0.597654994581	1.0	0.759226131319	0.758168001855	0.68581551263	0.779508451996	0.740986942642	0.906779968215	0.809440746146	1.0	0.776791038318	0.582982232074	1.0
