R_LLL_F3	M_HHH_F1	R_HHH_F2	M_LHL_F2	R_LHH_F3	R_LHL_F2	M_HLL_F1	M_LHH_F2	R_LHL_F3	M_LLH_F1	R_HLH_F3	R_HHH_C3	R_LHH_C2	M_HLL_F2	R_LHH_C3	M_HLH_C3	R_HHL_F1	M_LHL_C2	M_HHL_F3	R_HLL_C2	M_HHH_F2	M_HLL_C1	M_LLH_C1	M_HHL_F2	R_HHH_F1	M_LHH_F1	R_LLH_F2	R_LHL_F1	R_LHH_F1	R_HHL_C3	R_HHL_C2	M_LLH_F2	M_LLL_C1	R_LLL_C3	M_HHH_F3	R_HLH_F2	R_LHH_F2	Input_1	M_HLH_F2	R_HLL_F2	M_HLH_C1	R_HHH_C2	M_LLL_F2	M_LHH_C3	R_LLH_F1	M_LHH_F3	R_LLH_C3	M_LHL_C1	R_HHL_F2	M_HLH_F1	M_LHL_F1	M_HLH_F3	M_HHH_C2	M_LHL_F3	Input_3	M_HLL_F3	R_LLH_F3	R_HLL_F1	M_LLL_F1	R_LLH_C2	M_LLL_C2	M_HHL_C3	M_LHL_C3	M_LLH_C3	M_LHH_C2	R_HLL_C3	M_HHL_F1	M_HLL_C3	R_HLL_F3	M_LLH_F3	R_LLL_F2	R_LLL_C2	R_LHL_C1	M_LLL_C3	R_HHH_F3	R_LLL_F1	M_HHH_C3	R_HLH_F1	Input_2	R_HHL_F3	M_HLL_C2	R_HHH_C1	M_HLH_C2	R_LLH_C1	R_LHL_C2	M_HHL_C2	R_HLH_C2	M_LHH_C1	R_HLH_C3	R_HLL_C1	R_LHH_C1	R_LHL_C3	M_LLL_F3	M_HHH_C1	R_HHL_C1	M_LLH_C2	R_LLL_C1	R_HLH_C1	M_HHL_C1
R_LLL_F3	0.0	0.19545367034153996	0.13549385959640828	0.11830311187594829	0.10279955277094968	0.12736432899406044	0.17399496508405282	0.11599395855261632	0.09840059309533808	0.18686422884088763	0.10039803221317056	0.2765690939550858	0.29896387813453046	0.12159550722696515	0.3892588911277986	0.23592230264720723	0.1873958348719001	0.3322921709107822	0.0979465861724174	0.22935955370416708	0.12242351529920315	0.2877977383145023	0.3294040119288966	0.12147143004113535	0.18785296035760535	0.21582637460294563	0.1566857442240781	0.19034298879379374	0.18863376114563224	0.2936130896489877	0.28352752248157925	0.10540859874637258	0.31134144912972384	0.35417051604796906	0.12162207900509242	0.09783615292650868	0.13636613546679396	0.2507821121261127	0.1050634357564845	0.12239318284697734	0.293895408232877	0.2798904869678139	0.13017569132978885	0.26333265947947454	0.19027425660686992	0.11438744957842216	0.4039933832868788	0.36710039327221944	0.12816819007633837	0.18489052380144255	0.19851818155498333	0.11838617608250424	0.25447688664745227	0.12080497338841863	0.25591979548738464	0.11905484571012356	0.08769749043249189	0.1759987908496953	0.19367432022405787	0.27458838382486656	0.3555289557334099	0.2336557654674817	0.25898402129027265	0.2770267983759179	0.27952959759499635	0.3277589945273039	0.2240680080220189	0.26932541109239877	0.07872107489907793	0.11753154651971634	0.10617576391714623	0.364419332699404	0.6238190437972896	0.2816571210645673	0.10627863673209685	0.1963999052972232	0.21938839033106802	0.16601040749834003	0.2543671306261541	0.10894728079234386	0.29206644257529524	0.45904677760259294	0.29248770934805324	0.5612681320965347	0.35178056221218634	0.2586134713695409	0.270898154752754	0.36311644710403485	0.3349918742986867	0.40854342009675526	0.48676758830021255	0.4057212434086637	0.11186729116314614	0.2979681957518628	0.42878820925235855	0.3998514077129234	0.5329333601666453	0.5167210212810267	0.31112930643883707
M_HHH_F1	0.19545367034153996	0.0	0.15659171737450672	0.16831136709231564	0.18038862006394196	0.15744413289825976	0.1262024063600441	0.15338919765108114	0.18908333504829142	0.11407394384852355	0.21152810469670683	0.3138730576651005	0.36976070926725224	0.19201999890696522	0.4449565100471646	0.2974413656343029	0.11900280641764958	0.36171257587940614	0.16612967788052813	0.31389440418078834	0.15855247009880397	0.28223718652065716	0.3523179642240873	0.15177919227505227	0.10229806213786896	0.10946837881082533	0.16757660381735665	0.08162166657183748	0.0985753940495941	0.35318021547110695	0.3362625929492495	0.1872745812289391	0.3236760010159111	0.42247661759764665	0.13972330460836865	0.17816016255468772	0.15697358849068074	0.31669189201426595	0.1659982148926368	0.21674260407860824	0.29577832349939936	0.3367553326581132	0.20748146881298823	0.33995420048562724	0.10371678500841812	0.15188838941838875	0.47770752957461304	0.3723855119647689	0.14650193885673637	0.09539151621411476	0.12571723042927233	0.18833329977088623	0.2792732041162899	0.15999022694005058	0.3080448524405253	0.20112906369248643	0.1933885782691535	0.11714764569605778	0.14715072473525403	0.3415586893362309	0.41448613513845706	0.2961136693527964	0.3312096049395654	0.3519335485330429	0.31360556801627865	0.37084946179315276	0.13973542002574124	0.31717471491807053	0.2063622495058155	0.19934078320964155	0.20621273097750095	0.44637138755302175	0.6346429715076882	0.3276129076831254	0.1758862151295302	0.1369019315732987	0.28042954441824613	0.11333066413283378	0.3107886429365645	0.17728215157332713	0.33577152264972665	0.4660582482062478	0.36321534628118923	0.605346146816314	0.42674490387734165	0.31823903770231077	0.3216270694261378	0.364205948046776	0.38476693103454107	0.43932415794473517	0.49870997501626796	0.4619510033621079	0.19380331232965722	0.29758455422306795	0.4186526341783943	0.4111167681058334	0.5640003224405568	0.5102236045165213	0.3066074989908164
R_HHH_F2	0.13549385959640828	0.15659171737450672	0.0	0.1052115659356139	0.12520589187086173	0.08592105143608544	0.2013535263985529	0.11762867935257408	0.13227087050241834	0.17963177834831143	0.13345470608422771	0.298081672775785	0.32304680188471296	0.13499631147269303	0.42220435662323613	0.26551237040654124	0.15353363683894972	0.33779942721015566	0.14449143826723648	0.2669484915251709	0.09533442496501073	0.29783541306398165	0.35951347673289064	0.11927242644039415	0.16283770376368625	0.1834056425897757	0.12675103188660708	0.14973190575659973	0.14785793104918138	0.321318850425692	0.2733717607044979	0.13352959594865932	0.34879881048693956	0.40412162606418184	0.1270305311175602	0.09674260569873082	0.08895752388068373	0.27295950454206336	0.1364942847148547	0.11836687539120151	0.3123699474561782	0.28335163906320865	0.164394744499914	0.29219668053911846	0.16076332011806693	0.15727614114349145	0.43535667420960644	0.39738712379599117	0.08494180414365539	0.19278251122348494	0.19226319021095115	0.15599233156927828	0.26777341060101956	0.14603901457297538	0.27848961355146	0.1759473779294592	0.13059751216374177	0.16603157506443403	0.20345964588139798	0.287896164670466	0.3727462739735538	0.2602271117120379	0.29890896140624784	0.3293824504153486	0.2786879322323858	0.3742012986465304	0.1940410396469358	0.3038138537790687	0.14317309777626258	0.18090405143927102	0.11802817723159614	0.3803665797681405	0.6509798693133336	0.3176451625428671	0.12191898428597359	0.18583274227894195	0.2450956853250338	0.1601960695987146	0.26669358579137087	0.12169562524245116	0.312495936207319	0.48216909508630706	0.31741537532412567	0.6018404454068056	0.37178457515238966	0.2842263146875488	0.30104666413422565	0.3882783716740721	0.3679321085873201	0.4413910224153651	0.5018213382160541	0.43512439790590596	0.15870684696923046	0.312287276461372	0.4334954829070767	0.42323487844502794	0.5624593294662014	0.5242661569264739	0.3302680605254968
M_LHL_F2	0.11830311187594829	0.16831136709231564	0.1052115659356139	0.0	0.12891906089849559	0.11392395652557433	0.18342700156148717	0.06531077807929941	0.11826607476020018	0.1488212470018806	0.1313852887208362	0.2816819669757103	0.30638130829576915	0.10055711654415594	0.40620025229690654	0.25249434426066636	0.18101288553617803	0.3202991123925875	0.10718564506132598	0.2438821537705058	0.09523014180536245	0.2980690130862884	0.3482274588581612	0.09198885818215301	0.1811017612679231	0.18019941208559273	0.12900883599879384	0.17579292538428692	0.16948604437506606	0.29631776165415563	0.27995967962669677	0.081360424719578	0.3389853296805332	0.3634019038747265	0.1290341570440334	0.10132386333519026	0.1219413621859285	0.26539170866230694	0.09949722659775663	0.12477044620402537	0.31472282863139206	0.27027660151917476	0.10961684754109745	0.2731236863688207	0.17124786141243517	0.11946701373783652	0.409120587527449	0.3871556768206746	0.11402098501457045	0.17564060772790124	0.16513700127216432	0.12788521726181512	0.2446938910372631	0.12422402524791605	0.27372615339507195	0.14519173322826748	0.11752635808462954	0.18641990933231	0.16932455625471052	0.2741227278046919	0.3658805091008126	0.247810367625399	0.2845542756825944	0.31446069787985376	0.27269247058083773	0.3541130322433287	0.20119564025214737	0.2876955521190924	0.12618479376987604	0.1335890886006873	0.10729544853233851	0.377930901580967	0.618659250488871	0.3055815715548524	0.1261623848790845	0.1749268072246678	0.23305201385284854	0.17512691140306347	0.2693790575703274	0.13474891373622344	0.30560975099277704	0.45925257810409825	0.3090116410337936	0.5714868955466167	0.35036616879195337	0.2791654731580718	0.288953672699368	0.37264591539017755	0.3542549855375266	0.4290887588015565	0.4857154123899264	0.4098348243855841	0.11721297576688523	0.3134736065608668	0.4275194687592912	0.3991676848634127	0.5383880108506762	0.5032343727817375	0.3058685970363546
R_LHH_F3	0.10279955277094968	0.18038862006394196	0.12520589187086173	0.12891906089849559	0.0	0.10231623887064166	0.21065068446361487	0.12680610859525115	0.09027999991072012	0.1945663208262681	0.12721837739079694	0.2920699967387814	0.32630961082590826	0.15637151380192835	0.4117554664801203	0.2578436942357706	0.17268205933466524	0.3449924130430835	0.1105545566185469	0.27585049908758985	0.13946969847905433	0.3015792386058807	0.35058700591808695	0.14960584570889374	0.17015167907513265	0.21493951854088225	0.14325957093687974	0.16915738079698414	0.17035782795627344	0.3131834084294605	0.3028202665271863	0.1415675139855799	0.34121251862629304	0.3923663074177592	0.10774638795540259	0.1192066472751626	0.1108493590042345	0.2690614527577988	0.1418164974832022	0.14019161479580117	0.319928832736941	0.30311728606379945	0.1746865283732368	0.2776748018481833	0.17796041883741864	0.11553065502715539	0.4220926997077793	0.3992878647915481	0.10532038873428523	0.19545203700463057	0.21481863307194848	0.13315619020467281	0.272057930806779	0.12147730401371867	0.27190009410915644	0.14612352253367228	0.10225892317672894	0.18416462692775326	0.21772329413263916	0.3086384166503473	0.38597617102556475	0.25417590150263153	0.29284453874998306	0.313032254314183	0.2916054802687629	0.360716304765507	0.22227249923127962	0.30404861517647286	0.10897349598771537	0.163152404867684	0.1316182598546865	0.400879531345133	0.6448506634428791	0.31272241038353915	0.08938702243264042	0.21541221941169839	0.24000235263001934	0.1715118700541441	0.2719778840676561	0.07650486866971083	0.32172013988294146	0.4741532173022394	0.3209709796482747	0.5988353842157502	0.3757761752303386	0.2929876559512793	0.29989726837228314	0.3826327544040225	0.35650424843062395	0.43195544729717167	0.4920710312003956	0.43165487683761894	0.15130990458234583	0.3203994922987449	0.43688016527673934	0.42920306007783776	0.5535894306895462	0.5269266956557439	0.3280009717904594
R_LHL_F2	0.12736432899406044	0.15744413289825976	0.08592105143608544	0.11392395652557433	0.10231623887064166	0.0	0.2168680580361806	0.10815156734540723	0.11313997241454847	0.1863083415609009	0.1392791628877474	0.30635236663271936	0.34022162697267505	0.15032820506662395	0.41583260110903897	0.2871807373604385	0.1477399180059088	0.34340303255367094	0.1404995709135309	0.28996485468842725	0.1165487342954146	0.31088771587199504	0.3711969757814805	0.13202936041455404	0.14930261054265212	0.18701461522156332	0.11526260257466175	0.1335503660612322	0.1378663379749262	0.33187022515501824	0.30085550869329597	0.1427632655326604	0.35854396933529364	0.3990632650479711	0.12536539372518504	0.09834038396405163	0.060695453465922124	0.28590944040248323	0.1421693299885997	0.12823657932843327	0.3336057404905045	0.31076602701998246	0.16239841999025187	0.3129980427392494	0.15085481578239657	0.1426181845397941	0.4461365050855343	0.41041942747476357	0.07882131653500754	0.20826269253526788	0.20169384577295602	0.16579969477333445	0.288883520099232	0.14447872606580592	0.29712552394199604	0.17697046367362418	0.11811616026140634	0.17473401657151663	0.2059761350650021	0.3126412129523964	0.3907646072367726	0.2824326048730779	0.31876797357340275	0.34992182304497893	0.3014018094265412	0.3837966013304149	0.19881241330526556	0.33362302191177046	0.13303716559478937	0.18456334123551807	0.11061420313918761	0.3973475895603584	0.6447318247271119	0.336472305118387	0.11385030259385029	0.18713655792016645	0.2673518076711323	0.16691657716139735	0.28098775812026383	0.10772406120501116	0.3257264125559897	0.4819710917990448	0.32754325867445744	0.5999387413351422	0.37833354436774724	0.3002790410199389	0.30070628840643177	0.3980843741316473	0.37774030008808623	0.44046912627888474	0.5037764979098682	0.43388403631144934	0.15787770477965118	0.3331006648966186	0.42783563575760425	0.43701336797390167	0.5587615445942637	0.5230471006183607	0.3377718993445234
M_HLL_F1	0.17399496508405282	0.1262024063600441	0.2013535263985529	0.18342700156148717	0.21065068446361487	0.2168680580361806	0.0	0.1767726754786006	0.21240420385705167	0.1177002657131992	0.18965597111674115	0.3030854080108611	0.355045362199783	0.15130770063601223	0.4352921480183203	0.24346298884921058	0.17097531235623165	0.3707657175959135	0.15366319175414903	0.2700180587405625	0.17786821316115708	0.25106091107139006	0.3035058402073929	0.1577899846297314	0.156889035091633	0.15117042340602233	0.20187156661319464	0.1461163546217927	0.14829547838985682	0.33090835489771653	0.3261654539988002	0.1574265542119764	0.27727528998967677	0.4058435965286348	0.17317459073991984	0.16669148824499314	0.21090035618017547	0.2676633649291204	0.1451544558484729	0.18493614896197474	0.24642567227983245	0.3110338241704551	0.19113988420279765	0.30651550403930994	0.15114889438101237	0.17011278072407127	0.45022933721984815	0.33033292595028635	0.1964166360677402	0.08844621887215486	0.1365911229932212	0.18072841400545003	0.25452296572622957	0.17956834089301485	0.2634461239835462	0.1554009921226999	0.18749057517662818	0.11372669068285686	0.12548364996017436	0.3333501948382701	0.3618109124885394	0.255869059133164	0.2934482401231345	0.304772674399607	0.2977324134192082	0.33413993385452695	0.18612523756899732	0.2682616930807886	0.1836789379853949	0.17276416105388204	0.189986523700709	0.4133334326491097	0.6454825009972973	0.2931770509693355	0.19741714762435017	0.1531176653329202	0.23343845228339186	0.11514895315792922	0.2683073859101088	0.18431951722766682	0.29530857151915785	0.4838133628993416	0.33286595041507344	0.5999190163107507	0.42309822965830113	0.2784550585639317	0.29611363538320357	0.3428875728515704	0.36605042686378375	0.4416380066473806	0.5094191791722987	0.4600608082696481	0.16113050575487994	0.2577306841783918	0.44406208919964185	0.40818994487800775	0.5788229499460352	0.5262726610631709	0.27542246763283895
M_LHH_F2	0.11599395855261632	0.15338919765108114	0.11762867935257408	0.06531077807929941	0.12680610859525115	0.10815156734540723	0.1767726754786006	0.0	0.11608091128239297	0.14597376860335143	0.13475043204636658	0.27351292103194363	0.2944753472582368	0.10345074474205712	0.39543544935686953	0.2511272297767676	0.18797387415854508	0.31045006386223417	0.10114179015905393	0.24482643833167192	0.08393425047844413	0.30226783942705077	0.33713782832385597	0.07406060393592541	0.17625337312925957	0.15929619901680425	0.12284807666331628	0.1627142155571007	0.1648316055070746	0.29515565995201876	0.2750359302086746	0.08014040368987331	0.33350225492381186	0.36476450686068845	0.11065063087660425	0.11110529340056814	0.10380975941936361	0.26879898155002524	0.08321999534085654	0.14673275417152412	0.30975430664568504	0.26922973459521365	0.10780617853757106	0.27966196191640885	0.16948873506906326	0.1081499943720935	0.4042493769068396	0.37644444286736767	0.11180171382612572	0.1657013443938878	0.15384672265703953	0.12645171229122826	0.24182529133799738	0.09362803898124547	0.2782064714980006	0.1436074235296724	0.12253214896631758	0.18904037177280691	0.16092986285554958	0.2638278061925758	0.3559239041357834	0.24601919402693742	0.28131061500321036	0.31756612575233634	0.2678898964304051	0.3459435397553478	0.1929964289933306	0.28779848063655	0.14170010335615438	0.1237451195357905	0.1242834975372304	0.37469249063869486	0.6238704955089306	0.29770108466642486	0.12342913034607737	0.17310255213205986	0.23197822820681818	0.18293935025164929	0.2679654944521098	0.13716451676011981	0.29382974105562165	0.45628722732252863	0.2984474353826188	0.5824568506324925	0.3463844755648819	0.2681914651241797	0.2736854457777315	0.36707251605960045	0.3513739703265642	0.42275880657140125	0.4847686574458218	0.40036060402752827	0.12525454484705428	0.3071118345325164	0.4200242877503556	0.38800561702920194	0.5417393271276187	0.5062288992553379	0.31748865984433666
R_LHL_F3	0.09840059309533808	0.18908333504829142	0.13227087050241834	0.11826607476020018	0.09027999991072012	0.11313997241454847	0.21240420385705167	0.11608091128239297	0.0	0.1899142771781181	0.1108317415019217	0.25327049196483215	0.2837535392591905	0.14159113118543637	0.3720081171565153	0.2503230486892124	0.18240464931786318	0.33700361102388265	0.11384968336515518	0.25217502024059785	0.13470780983832173	0.3014941410912878	0.32863687248466406	0.12945142762175313	0.18797013036241883	0.21414141137067783	0.14637387033329305	0.18669829419114695	0.18221723919469757	0.2765644674099814	0.2759447980867527	0.1251937660808192	0.32146954933965743	0.34920610853791767	0.12948359560022213	0.11906457427716005	0.12371416442079869	0.27899237649711	0.12941585515692108	0.1390368202947951	0.3018724902767798	0.2794561207468697	0.14850606963028903	0.2579852722574925	0.18193630828562168	0.11237374876280552	0.3866368685557029	0.36752592316123917	0.11818450310667632	0.19539339284624196	0.20856411142546918	0.12355474081114123	0.26640581438123845	0.11076880040416509	0.28113474016835627	0.15339434616444478	0.10254358516263365	0.1913420755320354	0.2071066908629451	0.27857468240311506	0.35572433093583944	0.24471461324802912	0.26886388173623216	0.2972890544487853	0.25921864706770265	0.32856982928076445	0.22179613404683024	0.2928663097432201	0.10870974073123148	0.14726081226128623	0.10959773384033214	0.3599534590650509	0.6103440942273253	0.2978612236911241	0.10244676225151508	0.19348517722950706	0.23371051331539905	0.17022805821643405	0.2854887543312941	0.10179699277797775	0.29277069571144393	0.44729712946691597	0.2962839550177442	0.5576185984682069	0.3364083725496777	0.28036945486717524	0.27111151582543114	0.36000669359993354	0.3331780003255233	0.3952599153808261	0.4695329089130226	0.39253401427687823	0.1502553695508905	0.2942202917210373	0.40938588246419083	0.4125138368770377	0.5182805254975283	0.49600763686612104	0.31899446634142864
M_LLH_F1	0.18686422884088763	0.11407394384852355	0.17963177834831143	0.1488212470018806	0.1945663208262681	0.1863083415609009	0.1177002657131992	0.14597376860335143	0.1899142771781181	0.0	0.18941979801457076	0.29238440901738455	0.33846505491857815	0.15195376628846602	0.42407161661145226	0.25239555762501337	0.1418997301262505	0.34647010158688474	0.15474345300365244	0.2656448596752003	0.14930178903810512	0.2615960437753297	0.3097232319020371	0.13577608869371505	0.12864870689588948	0.10787030287413416	0.1760529896407413	0.1150735660568548	0.10848950947671397	0.30885414871844336	0.3001708295862355	0.1568550952489612	0.28779589018100454	0.39273236229908776	0.1683886012016373	0.1727846883661397	0.18640265093348424	0.2764802804901699	0.14752979033557487	0.18676059850607876	0.26311357888815	0.2976213557331383	0.18058784750072074	0.29103702708200624	0.10821636781558	0.15191967295913134	0.43668009785070155	0.3430531035319248	0.1740370725271464	0.09272619372490297	0.11490732324639745	0.16533659836026393	0.2452507601131818	0.14782931457369514	0.2777550901887152	0.1791097945844045	0.18102330091056104	0.1309245006672935	0.09692658042991971	0.3276700156925137	0.38874461580751335	0.25531334377200593	0.2992367166047556	0.31814645349994974	0.29927966147319457	0.333003735120104	0.14935137263280107	0.27938190523186146	0.19004670988251882	0.18302681626447848	0.18483901622699347	0.42566407286176094	0.6081784491159169	0.30696116830211845	0.1935868624396396	0.11584834814285822	0.23519436028943813	0.12388347237427455	0.2806134376829953	0.19261262151130187	0.31297368630421774	0.45432036669759585	0.3339395959188542	0.5720861875977173	0.3944783297334897	0.2824279149446941	0.28282660007973964	0.326494134805966	0.341467026328658	0.42753671655676395	0.46652380152678574	0.42297731911245734	0.18115417247183582	0.26615533943019837	0.4099024568159672	0.40387530972480395	0.5491380401740957	0.4899934104495978	0.2612353965047304
R_HLH_F3	0.10039803221317056	0.21152810469670683	0.13345470608422771	0.1313852887208362	0.12721837739079694	0.1392791628877474	0.18965597111674115	0.13475043204636658	0.1108317415019217	0.18941979801457076	0.0	0.24843232885011526	0.28600822755314337	0.11085573663927192	0.3565527514320187	0.2108771747687889	0.18791039303945828	0.3181863087049124	0.10313392483783612	0.2217567049166123	0.12703873459288206	0.2601799328934701	0.29740041125956784	0.1312569618804484	0.20113673817639613	0.2116662069970287	0.1692898128359809	0.1933065992524014	0.19109692921134672	0.24995876518998983	0.2463830161127377	0.11085695092765727	0.28217990456565	0.3372146387721195	0.1230076840594564	0.09869181328164872	0.14076819881412414	0.24680194758490745	0.11939607418953894	0.10039716539180658	0.2607911692996554	0.24886417768791882	0.1516393006879002	0.2459876109998025	0.1936110208099226	0.13496508602737947	0.3807828096031561	0.3335524249764868	0.14005944515902427	0.18757794988116044	0.19603217536446244	0.09906964589955372	0.23379808647958844	0.1307617565354826	0.2431209744948112	0.12950127203418824	0.10094544933886436	0.18679689174390995	0.18384335523326578	0.26644230389733675	0.3439135435806252	0.20198982169452695	0.23445478916673432	0.2676720656002032	0.2611257700782321	0.3085263094412104	0.233454780186345	0.27945959887562144	0.11223442675960738	0.14199260676559544	0.11581083434225158	0.3487136028937854	0.5964305183569956	0.2877650468269072	0.10417912956777074	0.19838445746320496	0.19757052311999831	0.16181762157696203	0.2517600156001333	0.10673902305154076	0.2850729405035771	0.43424038454326735	0.2833951436426186	0.5216459289481707	0.3385216958995865	0.23942508983322194	0.259438517251601	0.33172645783460886	0.3076882190210261	0.3693321072563493	0.4550667748633932	0.37614118854006917	0.1180433711104868	0.2652434391127292	0.3924193840997459	0.41035627870518354	0.5092604553415151	0.4795505031185235	0.28007498559945626
R_HHH_C3	0.2765690939550858	0.3138730576651005	0.298081672775785	0.2816819669757103	0.2920699967387814	0.30635236663271936	0.3030854080108611	0.27351292103194363	0.25327049196483215	0.29238440901738455	0.24843232885011526	0.0	0.18832428315283503	0.2630626871535382	0.19738742730971684	0.22006285288985872	0.3175286914502791	0.2656120332721908	0.2704596886857084	0.20651299841253312	0.284198982017194	0.26094560027362923	0.23770521063226083	0.2748168410559144	0.31080100518026843	0.31327526858370336	0.30920859123485744	0.3074918635802088	0.3149036052782305	0.1181324019651068	0.16068592531977494	0.2613019140051747	0.24245174242597586	0.21293995586153533	0.2970429645775706	0.2730450014118277	0.2961065236556738	0.35954842812867954	0.2558437412417455	0.27590272728707776	0.2529707023218995	0.17525965286613096	0.29432397360412194	0.17497497536655837	0.29520937779056683	0.2792445347509798	0.21176552150471176	0.26632007269058056	0.31190197834930933	0.28079264205299587	0.276980298334412	0.25200738970149067	0.25555033842085484	0.27920632926266614	0.3478465815783284	0.28035407262974105	0.2638292299021653	0.3162513402380018	0.28134898929608054	0.1859710319543058	0.3205516870442082	0.20203859213894787	0.18360364822843156	0.2219248206476667	0.20550702671445303	0.17369503057154648	0.32850869128691995	0.28498011448696203	0.28154602445245613	0.2753767743852668	0.28508532597048264	0.22490881181671635	0.4871751515946394	0.23264850983967195	0.2691680003737108	0.2969842532705329	0.19614304443312638	0.28356533900009695	0.36746902832937367	0.2801523784839847	0.26147059288872204	0.322263356811326	0.2854302586001192	0.4435989850371969	0.20540380445943318	0.2340694953226518	0.18565713288747637	0.24495397805785568	0.16538691965723723	0.28025222440049774	0.3482511071001947	0.2226880891043019	0.28089110176081566	0.22447241708960217	0.28958725304745586	0.35488626824506236	0.4111995005256116	0.37068180512841925	0.24551105722114847
R_LHH_C2	0.29896387813453046	0.36976070926725224	0.32304680188471296	0.30638130829576915	0.32630961082590826	0.34022162697267505	0.355045362199783	0.2944753472582368	0.2837535392591905	0.33846505491857815	0.28600822755314337	0.18832428315283503	0.0	0.3050009289323823	0.20031398191034366	0.2999616158632524	0.3616015279087363	0.25286039315906267	0.30136869534943	0.22165891340535882	0.3086613094187234	0.3191586645429373	0.2696604113916038	0.2973696790526593	0.3562703052116469	0.3294596484480164	0.3272933787239657	0.3606527863160868	0.35139397054854915	0.16524348354865734	0.19893085470537725	0.2895619651203343	0.3009617923267029	0.23500357220161056	0.3359144993795863	0.30227280700415243	0.3250773898924783	0.4044628764479208	0.2887751109968112	0.3186785770831177	0.31205499843970075	0.17630333896248773	0.2863031980179688	0.23987881493088695	0.35568418001502666	0.31467639696526273	0.22890770298403887	0.29279382816166577	0.3363972199939542	0.35316388819500066	0.316806637286695	0.29600323179303506	0.29559740954576746	0.3064806810672216	0.41888171615007086	0.33303449187172957	0.30614005931091565	0.36609295046213686	0.32713854552367977	0.19226237524040268	0.29995164258231277	0.28632305785309625	0.23977860903691206	0.2563662545739748	0.252917342122549	0.23158744950529514	0.34297238328070123	0.3192240383426845	0.3111606127992639	0.308304980326412	0.29637963911630116	0.22491251078792002	0.48710186267973793	0.2880639985993364	0.31853818047541615	0.3411661422226815	0.2760372633973908	0.3558498891619807	0.40927745916346275	0.31768942042348686	0.28695169652030317	0.3208747249433537	0.29909660607761446	0.43087354040427567	0.1628856933304486	0.29015378633283123	0.243660746620426	0.2820204447101618	0.20910143082049912	0.2827868157569287	0.3374133815278664	0.2103401505809874	0.3298204111773572	0.29788350124320245	0.30643934001623213	0.3358025801134845	0.3824700082419422	0.3634975665598009	0.3012132422878181
M_HLL_F2	0.12159550722696515	0.19201999890696522	0.13499631147269303	0.10055711654415594	0.15637151380192835	0.15032820506662395	0.15130770063601223	0.10345074474205712	0.14159113118543637	0.15195376628846602	0.11085573663927192	0.2630626871535382	0.3050009289323823	0.0	0.39331425844811785	0.1837299657360162	0.20915828635188705	0.3035053529072377	0.10672622676240524	0.19602895484614594	0.09421515570882183	0.23441438458580763	0.27995688254336054	0.0971334831046137	0.19987196776806673	0.2023576697815943	0.14812732299434306	0.2011081167434124	0.19704975488391258	0.2721046774142865	0.24026330444969052	0.07141940943533727	0.26730632715998776	0.35600588980048725	0.1269930809580275	0.09517881955595738	0.15301266541456462	0.20345314489995775	0.06740565955823054	0.10499075470782146	0.24078359704495927	0.24117630717934413	0.11664622314823092	0.23108764205673488	0.19687635984762478	0.13330535334662222	0.3859723421512326	0.3179021273020209	0.14257234616070721	0.15670592242813794	0.18537872240872738	0.10310241407218951	0.1934340062567862	0.13222247716473143	0.2146933739820594	0.1063797290007193	0.12325617605794241	0.1845368698700646	0.16599291415667816	0.26342219051190596	0.3166497916926333	0.18279681196836045	0.23394283314717382	0.24901238022894756	0.2450953868027723	0.30346221995890166	0.2411188936853972	0.23345943950894543	0.13313005226486585	0.1314561398393672	0.1121272574577074	0.35345857904437344	0.6065057023400389	0.24921272572095815	0.14577990260644988	0.19468737009371911	0.16696514593669182	0.17856501813766265	0.21035550201299072	0.14293492250909742	0.24228728866745436	0.45858123316348015	0.2555231737898719	0.5646461513211036	0.3436993226324194	0.20605298196629485	0.23584023838495805	0.3313723799849251	0.3271727286274967	0.4061243146259759	0.48305967149061574	0.4024535756806994	0.1044158099779874	0.2508347936623657	0.41556964677049596	0.38449714077567965	0.5398796519631542	0.4993922899603307	0.2660450689195619
R_LHH_C3	0.3892588911277986	0.4449565100471646	0.42220435662323613	0.40620025229690654	0.4117554664801203	0.41583260110903897	0.4352921480183203	0.39543544935686953	0.3720081171565153	0.42407161661145226	0.3565527514320187	0.19738742730971684	0.20031398191034366	0.39331425844811785	0.0	0.3433364171225179	0.44781412942965315	0.2660766084085839	0.4033547258683626	0.31800027567132505	0.4132794086599523	0.3562021972716321	0.30103378235970196	0.3967892700928189	0.42849696465032566	0.4245474229639625	0.4254160818000457	0.43835813409955054	0.4400940385811356	0.2067532660012099	0.26661557564022065	0.3890859594346624	0.3121277966333113	0.22277706039880832	0.42985082256396123	0.39353550932494064	0.4162297588685809	0.4896004030306025	0.3908579904797777	0.3992750976866208	0.35827272121442744	0.2754969235482871	0.38188553944164055	0.2784765113587331	0.4287384659033511	0.4114780762140341	0.19333039758032147	0.288006942704372	0.43602305155980664	0.4322579593183242	0.3901565455444915	0.37200463624962327	0.376075431792585	0.4028753419488399	0.49673507149125545	0.40865114061310703	0.3778700521951018	0.4426639921201599	0.4070233740385478	0.30019451597983504	0.3344268920159762	0.33960410814063546	0.2689103885858296	0.3026039527986009	0.29332421809068043	0.2493684252246853	0.45216816946815075	0.39669510549316234	0.3997656507142387	0.39316474370107707	0.40490048855056204	0.23980484606832309	0.42759273625768623	0.34266833266202124	0.38502069351466384	0.4276168696467085	0.3256894719061313	0.4156115492303256	0.49376051470173915	0.3902544831630949	0.3537186504012785	0.2848114723810949	0.36165170405956987	0.33690644643391654	0.1594263502832704	0.3338127935711456	0.2692003182887914	0.285958923811765	0.22852423432720148	0.240793451943408	0.266730816317976	0.14992928520722984	0.4081065169048374	0.32162817145502764	0.25328813819261564	0.35037301539723514	0.3174613286976334	0.30991712016632417	0.31540682309256945
M_HLH_C3	0.23592230264720723	0.2974413656343029	0.26551237040654124	0.25249434426066636	0.2578436942357706	0.2871807373604385	0.24346298884921058	0.2511272297767676	0.2503230486892124	0.25239555762501337	0.2108771747687889	0.22006285288985872	0.2999616158632524	0.1837299657360162	0.3433364171225179	0.0	0.30974821736421515	0.27001976948922424	0.22706496569092324	0.13873686402384333	0.226314045868255	0.1655312175034925	0.1907020070440775	0.23744464892818856	0.2821994821098135	0.31087724960418167	0.2765805027215516	0.30192285378596295	0.30765050415128214	0.23191186410482262	0.19218381515166702	0.20967196057297371	0.17379876109007314	0.3200938291137217	0.23153480397537213	0.2229406794696738	0.2795830035624548	0.1876408127777587	0.20333095335798515	0.21895534194133875	0.1606063470202491	0.2261058694956245	0.2632026265956571	0.1470934829965837	0.28870037778094987	0.24633092800891826	0.3241553089245313	0.21969360032506172	0.2814723432119907	0.2475679143841294	0.28380889205265925	0.21155591472538537	0.1598978322201256	0.2507470565119963	0.17699148789988106	0.20698557386454391	0.22647759530250489	0.2727390928908511	0.2592680255317821	0.22002459484708223	0.26192118271008286	0.07364618690761654	0.15124107259525138	0.14070656836096834	0.20018587645982497	0.20678751752965216	0.3291400917749585	0.13034211711590213	0.24544403761994	0.24784107267716862	0.25886143257179034	0.2961613934894239	0.5507536912495046	0.14929950390902288	0.22990709946821838	0.28936799103925503	0.07788499063229026	0.25842590154360956	0.19231142465347822	0.22692353308513494	0.19371672889698477	0.4193554742839794	0.19310053826815213	0.5398946074280434	0.3161623426533775	0.13242310490469675	0.16818357911725537	0.24397844748288341	0.24113821747298692	0.36517566974975557	0.4439293488875565	0.36016933506095417	0.21751944303046525	0.1716793921279976	0.3803529204703768	0.3561220090346304	0.515693115428718	0.4645367315507036	0.1989779014920399
R_HHL_F1	0.1873958348719001	0.11900280641764958	0.15353363683894972	0.18101288553617803	0.17268205933466524	0.1477399180059088	0.17097531235623165	0.18797387415854508	0.18240464931786318	0.1418997301262505	0.18791039303945828	0.3175286914502791	0.3616015279087363	0.20915828635188705	0.44781412942965315	0.30974821736421515	0.0	0.38894786288355415	0.19094073106736795	0.3097923401999087	0.1835377087687756	0.29732488562199605	0.355199381948392	0.19742058693436826	0.10440118400429654	0.14386856730845526	0.17188795939607693	0.08339352666067765	0.08307199122152178	0.3352882840424643	0.3332829365229356	0.20123348518327433	0.33884297182853634	0.43753229421256024	0.17202658731510456	0.17865040108383093	0.14896644183382388	0.3108717180232158	0.20258444411542265	0.17341097586123966	0.31335132526945714	0.33340346661696557	0.22710960447101144	0.3301854816227443	0.10436759173554268	0.20183290999846648	0.4851444996187728	0.38874180329273683	0.1588753849801381	0.15775229587985562	0.1722906954911183	0.21107598370239378	0.302703762494203	0.19962080736953727	0.3077936904643429	0.23037588673571155	0.194208052229816	0.10789138669257056	0.16771113461619702	0.3511172724027625	0.4410111418779615	0.30566087236635703	0.33464727703660324	0.36510255571644323	0.33530900252283496	0.39229311837250186	0.16741016587442067	0.3543433995065333	0.20577462556625575	0.23745537499059338	0.17130948532299398	0.43982438249989136	0.6516405126810207	0.36255061219736173	0.18101185584969998	0.14486454177553074	0.2926872149219331	0.10295560645117391	0.31931608238227854	0.159640199069251	0.3624707321796384	0.4872015737981039	0.3932852429801154	0.6118967905332792	0.42741484130938023	0.337008157973165	0.3439444831402099	0.3641028827064672	0.3881657014213273	0.4430126133140855	0.5016710067637843	0.4609025466087848	0.22736281646520606	0.3053757211255346	0.42164701660026643	0.45640534979130754	0.5715078835387291	0.5094509139354262	0.310369558932701
M_LHL_C2	0.3322921709107822	0.36171257587940614	0.33779942721015566	0.3202991123925875	0.3449924130430835	0.34340303255367094	0.3707657175959135	0.31045006386223417	0.33700361102388265	0.34647010158688474	0.3181863087049124	0.2656120332721908	0.25286039315906267	0.3035053529072377	0.2660766084085839	0.27001976948922424	0.38894786288355415	0.0	0.3313433408943777	0.26762737774759116	0.3279025043231477	0.26247476084104004	0.24126717496693056	0.30734091905214567	0.35976016497851726	0.35110091638394525	0.35206215241913025	0.37198855389535834	0.3759100178897716	0.25173484186913914	0.24146750985356719	0.31697614214619235	0.25359079949229246	0.26509713251855166	0.3500455020221438	0.3241424777664973	0.3438378784867564	0.41659911373360514	0.3028065708085539	0.335989134426292	0.28332484367813127	0.2747409008694102	0.30951624153743024	0.24647793055028153	0.3813117929134328	0.33913148233508017	0.27284684080530064	0.2690086979427702	0.3427929350147651	0.34703605250530606	0.3440206473086825	0.32688351397719134	0.24349128512104423	0.3303752631497036	0.4326080054478218	0.3299449435731896	0.3351495250326763	0.39101880423830687	0.33273997390567056	0.24068918001821782	0.23544703594122698	0.2833483817909852	0.25143121191687656	0.2422370711676603	0.24240753705693038	0.3000741415439023	0.3721766706007702	0.2872237367795551	0.3324581602812694	0.31580982278897585	0.3480067966849996	0.24162737290039019	0.4268877836042444	0.24308578289023056	0.3353767546150004	0.3765667688659143	0.2633421074858609	0.3866378046093687	0.4145249016433577	0.33690314242884806	0.25973565728155734	0.3164743004572161	0.2764697263738589	0.40013836529928265	0.2043071490505227	0.2610277510787908	0.2609448296334601	0.2404536653476419	0.2635099943537036	0.3136244765395067	0.3201915479962496	0.26815046755963406	0.32703539938742016	0.2713967472678385	0.30581027775864694	0.27455096473436114	0.36911810458847355	0.37093587043033566	0.25676377296532293
M_HHL_F3	0.0979465861724174	0.16612967788052813	0.14449143826723648	0.10718564506132598	0.1105545566185469	0.1404995709135309	0.15366319175414903	0.10114179015905393	0.11384968336515518	0.15474345300365244	0.10313392483783612	0.2704596886857084	0.30136869534943	0.10672622676240524	0.4033547258683626	0.22706496569092324	0.19094073106736795	0.3313433408943777	0.0	0.23569535245427434	0.1018389211441266	0.2655614043197109	0.3130011747778935	0.10620716471164718	0.17934564551113133	0.19049984868303563	0.1418693879440982	0.17628870276399297	0.1825839826898766	0.27555685803319363	0.26170688405406634	0.09645131738464999	0.3006305119686259	0.3676829784628602	0.08430351507434686	0.10231731841749976	0.142312048840903	0.23197513686708515	0.08873627292238481	0.12587137896634037	0.2848511062646676	0.266432629395856	0.1298064836481713	0.2593964975213792	0.17821832439602153	0.09599089202497182	0.40386396607125863	0.3482950244488999	0.12280805430823113	0.15026030219205405	0.1750643349751349	0.08613885762319569	0.247170970678539	0.089852822002279	0.23101647355103683	0.10773594298963057	0.10485052869704517	0.16773951819187008	0.1733081436907853	0.2740896077295129	0.33737000649255644	0.2190918419388222	0.2622889752107969	0.2820374170178274	0.2659786902879842	0.320538009246215	0.2088393232887611	0.26000303635715893	0.10479805500459727	0.10448110966656642	0.11749988164648195	0.3765136192597105	0.6198956514660968	0.273662935382228	0.10899341197507718	0.17148530168245388	0.2033872496690334	0.15541880752566603	0.23496770428888836	0.11130725355546275	0.2780540448509325	0.45034120383687665	0.277954563658722	0.563547075751642	0.3585531476845622	0.2582944035040425	0.2634518795723847	0.35129279913668265	0.32870371685610866	0.4075190659350487	0.4803977524355085	0.4096151596467655	0.09645156822483658	0.29022095533614556	0.42169282175494216	0.407353094557918	0.5293130085595429	0.4991250954481173	0.29582056941837315
R_HLL_C2	0.22935955370416708	0.31389440418078834	0.2669484915251709	0.2438821537705058	0.27585049908758985	0.28996485468842725	0.2700180587405625	0.24482643833167192	0.25217502024059785	0.2656448596752003	0.2217567049166123	0.20651299841253312	0.22165891340535882	0.19602895484614594	0.31800027567132505	0.13873686402384333	0.3097923401999087	0.26762737774759116	0.23569535245427434	0.0	0.22686030143743094	0.1995155880376001	0.198996953531454	0.24731911976958565	0.3012774255903438	0.31869742900928477	0.2767571903225836	0.31368312358026135	0.31326740450331914	0.19939959638026247	0.1381848937635332	0.21021091670708378	0.19354933935177188	0.294770613124794	0.26086410763589224	0.2212318918624054	0.285121321859462	0.23231908620446867	0.2150980054479758	0.22276649199773207	0.18340109061197263	0.16719590546268528	0.24552036451559742	0.18020328568479593	0.30300316729296833	0.26174595479269286	0.2827890370254367	0.23479158111367576	0.28286172715726254	0.2769893344325656	0.28996840354148296	0.2266159604324731	0.16987823335358856	0.25737475291961254	0.2486112946856609	0.24337983578492886	0.23407321662249947	0.28541265202378807	0.2751138336364113	0.17856471208409339	0.2734572447903865	0.14220221327984436	0.1672363263377866	0.17853733191244156	0.20985577457764765	0.20376474234651434	0.3322581005418408	0.1832530785122569	0.24963010493010582	0.2601762271449813	0.24276642722345437	0.2525155305349018	0.5243406844027948	0.17852869120509504	0.24863815307617185	0.29093971510693034	0.13929042094155109	0.27915810889231474	0.23810805678147176	0.25663738860797347	0.205205282801627	0.383910566788802	0.21195344415404424	0.5062869554218979	0.2589193131582369	0.1572834397878942	0.14139767252287053	0.24499991425647985	0.21555926996094807	0.34096455109558305	0.4011175186674325	0.3353066859980373	0.23492793294792524	0.19813696468615108	0.3517173736075684	0.36920301399670635	0.46978099956413516	0.4081192763294912	0.2269942549334628
